
 type 2

 mean
6.588
2.974
5.552
2.026
 covariance
 0.404343 0.0937632   0.30329 0.0490939
0.0937632  0.104004 0.0713796 0.0476286
  0.30329 0.0713796  0.304588 0.0488245
0.0490939 0.0476286 0.0488245 0.0754327
The eigenvalues of A are:
 (0.695255,0)
(0.0522953,0)
(0.0342659,0)
 (0.106551,0)


P
-0.741017  0.534449  0.371413  0.165259
-0.203288  0.325377 -0.540683 -0.748643
-0.627892 -0.651523 -0.390595  0.169427
-0.123774 -0.428967  0.645871 -0.619288
